 Rank  Player  Age  Elo  HardRaw  ClayRaw  GrassRaw  hElo  cElo  gElo  Peak Match  Peak Age  Peak Elo  
 1  Jannik Sinner  22.4  2234.6  2164.3  1913.5  1733.0  2199.4  2074.1  1983.8  2024 Australian Open F  22.4  2234.6  
 2  Novak Djokovic  36.6  2216.1  2119.2  1960.1  1898.1  2167.6  2088.1  2057.1  2016 Miami F  28.8  2470.3  
 3  Carlos Alcaraz  20.6  2139.0  1976.8  2039.0  1909.3  2057.9  2089.0  2024.2  2023 Canada R16  20.2  2239.7  
 4  Daniil Medvedev  27.9  2122.6  2045.7  1850.0  1751.2  2084.1  1986.3  1936.9  2022 Australian Open SF  25.9  2191.9  
 5  Alexander Zverev  26.7  2054.8  1939.8  1917.9  1619.4  1997.3  1986.3  1837.1  2022 Atp Cup RR  24.7  2161.7  
 6  Andrey Rublev  26.2  2048.1  1945.0  1918.9  1757.6  1996.5  1983.5  1902.9  2021 Monte Carlo SF  23.4  2106.2  
 7  Grigor Dimitrov  32.6  2023.8  1903.5  1802.7  1611.6  1963.6  1913.2  1817.7  2014 Canada QF  23.2  2090.6  
 8  Hubert Hurkacz  26.9  1987.6  1903.3  1717.5  1723.7  1945.4  1852.5  1855.6  2023 Paris R16  26.7  1998.8  
 9  Alex De Minaur  24.9  1976.2  1897.3  1622.5  1679.5  1936.7  1799.3  1827.8  2020 Atp Cup RR  20.8  1993.5  
 10  Stefanos Tsitsipas  25.4  1968.0  1872.0  2005.1  1650.8  1920.0  1986.6  1809.4  2021 Roland Garros SF  22.8  2133.4  
 11  Taylor Fritz  26.2  1963.3  1910.1  1757.6  1598.7  1936.7  1860.4  1781.0  2023 Monte Carlo QF  25.4  2041.3  
 12  Holger Rune  20.7  1940.3  1804.2  1897.3  1631.9  1872.3  1918.8  1786.1  2023 Roland Garros R16  20.0  2070.1  
 13  Ugo Humbert  25.5  1936.1  1849.7  1656.7  1582.4  1892.9  1796.4  1759.3  2024 Australian Open R64  25.5  1946.9  
 14  Casper Ruud  25.0  1917.2  1769.7  1940.5  1412.8  1843.4  1928.9  1665.0  2022 Roland Garros SF  23.4  2064.0  
 15  Matteo Berrettini  27.3  1899.7  1693.2  1801.9  1822.2  1796.4  1850.8  1860.9  2022 Gstaad SF  26.2  2072.6  
 16  Jack Draper  22.0  1899.6  1816.6  1500.0  1500.0  1858.1  1699.8  1699.8  2024 Adelaide SF  22.0  1929.0  
 17  Felix Auger Aliassime  23.4  1886.6  1819.6  1729.0  1639.1  1853.1  1807.8  1762.9  2022 Paris QF  22.2  2053.1  
 18  Karen Khachanov  27.6  1876.0  1769.3  1715.5  1579.1  1822.7  1795.8  1727.6  2018 Paris F  22.4  2015.3  
 19  Tommy Paul  26.6  1875.0  1812.5  1598.1  1618.1  1843.8  1736.5  1746.5  2023 Miami R32  25.8  1953.3  
 20  Ben Shelton  21.2  1872.2  1788.5  1393.9  1375.9  1830.3  1633.0  1624.1  2023 Tokyo F  21.0  1924.3  
 21  Roman Safiullin  26.4  1868.6  1723.7  1631.6  1642.7  1796.1  1750.1  1755.6  2024 Brisbane QF  26.4  1894.4  
 22  Alejandro Davidovich Fokina  24.6  1868.0  1767.6  1753.5  1502.0  1817.8  1810.7  1685.0  2021 Roland Garros R16  21.9  1928.4  
 23  Sebastian Korda  23.5  1862.0  1761.8  1541.8  1590.4  1811.9  1701.9  1726.2  2023 Australian Open R16  22.5  2005.7  
 24  Adrian Mannarino  35.5  1860.9  1776.0  1401.4  1709.7  1818.5  1631.2  1785.3  2018 Australian Open R64  29.5  1884.7  
 25  Nicolas Jarry  28.2  1857.7  1671.8  1800.3  1555.1  1764.8  1829.0  1706.4  2023 Basel R32  28.0  1893.0  
 26  Gael Monfils  37.3  1857.5  1799.5  1527.1  1419.8  1828.5  1692.3  1638.7  2015 Monte Carlo QF  28.6  2068.0  
 27  Tallon Griekspoor  27.5  1853.8  1742.9  1707.1  1703.0  1798.4  1780.4  1778.4  2022 Australian Open R128  25.5  1924.9  
 28  Frances Tiafoe  25.9  1853.0  1749.2  1747.7  1667.7  1801.1  1800.3  1760.4  2023 Queen's Club R32  25.4  1960.6  
 29  Cameron Norrie  28.3  1848.7  1755.2  1851.6  1658.2  1801.9  1850.2  1753.4  2022 Cincinnati QF  26.9  2018.4  
 30  Emil Ruusuvuori  24.7  1848.4  1771.3  1600.6  1499.5  1809.8  1724.5  1674.0  2023 s Hertogenbosch QF  24.1  1881.1  
 31  Matteo Arnaldi  22.8  1845.0  1680.8  1784.3  1482.1  1762.9  1814.7  1663.6  2023 Shanghai R64  22.6  1880.7  
 32  Andy Murray  36.6  1840.3  1701.7  1752.5  1740.6  1771.0  1796.4  1790.5  2017 Doha SF  29.6  2347.2  
 33  Jiri Lehecka  22.1  1839.5  1722.1  1661.6  1622.1  1780.8  1750.5  1730.8  2023 Doha QF  21.2  1901.1  
 34  Borna Coric  27.1  1831.6  1758.3  1789.5  1520.2  1795.0  1810.6  1675.9  2019 Australian Open R32  22.1  1999.2  
 35  Arthur Fils  19.5  1820.9  1715.2  1693.9  1522.7  1768.1  1757.4  1671.8  2024 Auckland R16  19.5  1856.9  
 36  Jan Lennard Struff  33.7  1816.2  1674.6  1761.3  1576.5  1745.4  1788.7  1696.3  2019 Wimbledon R64  29.1  1898.5  
 37  Francisco Cerundolo  25.4  1815.0  1626.2  1824.7  1593.2  1720.6  1819.8  1704.1  2023 Wimbledon R128  24.8  1938.5  
 38  Tomas Machac  23.2  1814.0  1738.0  1572.8  1491.1  1776.0  1693.4  1652.5  2024 Brisbane R32  23.2  1851.3  
 39  Yoshihito Nishioka  28.3  1813.2  1739.0  1608.8  1348.1  1776.1  1711.0  1580.6  2023 Australian Open R32  27.3  1892.0  
 40  Jordan Thompson  29.7  1803.0  1701.3  1385.5  1670.1  1752.2  1594.2  1736.6  2023 Tokyo R32  29.4  1821.4  
 41  Alexander Bublik  26.5  1801.5  1664.0  1536.7  1755.7  1732.8  1669.1  1778.6  2022 Basel R16  25.3  1852.6  
 42  Denis Shapovalov  24.7  1800.8  1718.6  1731.8  1581.8  1759.7  1766.3  1691.3  2020 Auckland R16  20.7  1970.2  
 43  Stan Wawrinka  38.8  1799.9  1704.1  1683.8  1500.6  1752.0  1741.9  1650.3  2016 Australian Open R32  30.8  2144.3  
 44  Aslan Karatsev  30.1  1795.8  1660.7  1751.2  1394.0  1728.2  1773.5  1594.9  2021 Rome R32  27.6  1958.8  
 45  Miomir Kecmanovic  24.3  1793.3  1721.5  1651.4  1471.2  1757.4  1722.4  1632.3  2022 Munich QF  22.6  1895.3  
 46  Marton Fucsovics  31.9  1790.1  1654.3  1657.9  1693.3  1722.2  1724.0  1741.7  2021 Miami R64  29.1  1924.6  
 47  Laslo Djere  28.6  1789.7  1630.6  1744.2  1449.9  1710.1  1767.0  1619.8  2023 Davis Cup Finals RR  28.2  1836.7  
 48  Sebastian Baez  23.0  1789.5  1587.9  1782.2  1413.5  1688.7  1785.9  1601.5  2022 Bastad SF  21.5  1934.6  
 49  Botic Van De Zandschulp  28.2  1789.5  1718.3  1669.7  1502.4  1753.9  1729.6  1645.9  2022 Tel Aviv R32  26.9  1929.1  
 50  John Isner  38.3  1788.0  1686.2  1699.5  1669.8  1737.1  1743.7  1728.9  2012 US Open R64  27.3  2039.9  
 51  Roberto Bautista Agut  35.7  1786.7  1687.1  1681.0  1699.9  1736.9  1733.8  1743.3  2016 Rotterdam R16  27.8  2014.5  
 52  Sebastian Ofner  27.6  1785.2  1638.5  1732.7  1571.4  1711.8  1759.0  1678.3  2024 Auckland R32  27.6  1814.1  
 53  Lorenzo Sonego  28.6  1782.9  1670.4  1696.5  1558.6  1726.6  1739.7  1670.7  2021 Rome QF  25.9  1888.0  
 54  Yibing Wu  23.8  1780.0  1761.4  1490.1  1371.0  1770.7  1635.1  1575.5  2023 Indian Wells R128  23.3  1874.5  
 55  Brandon Nakashima  22.4  1778.9  1695.0  1551.2  1541.2  1736.9  1665.0  1660.0  2021 NextGen Finals RR  20.2  1897.7  
 56  Mikael Ymer  24.8  1778.0  1700.2  1558.6  1526.2  1739.1  1668.3  1652.1  2019 Stockholm R32  21.0  1875.5  
 57  Lorenzo Musetti  21.8  1777.6  1623.8  1846.0  1479.4  1700.7  1811.8  1628.5  2022 Paris R16  20.6  1925.4  
 58  Tomas Martin Etcheverry  24.4  1775.0  1634.6  1724.7  1332.2  1704.8  1749.9  1553.6  2023 Roland Garros R16  23.8  1845.4  
 59  Jakub Mensik  18.3  1770.8  1685.1  1565.7  -  1727.9  1668.3  1585.4  2023 Davis Cup Finals RR  18.0  1771.8  
 60  Daniel Evans  33.6  1770.6  1704.3  1602.8  1607.0  1737.5  1686.7  1688.8  2021 Monte Carlo QF  30.8  1887.5  
 61  Fabian Marozsan  24.2  1769.4  1651.6  1624.7  1442.9  1710.5  1697.0  1606.1  2024 Australian Open R64  24.2  1779.2  
 62  Marcos Giron  30.4  1766.4  1674.7  1593.3  1501.7  1720.6  1679.9  1634.1  2021 Paris R32  28.2  1843.2  
 63  Dominic Thiem  30.3  1763.1  1690.0  1675.4  1453.8  1726.5  1719.3  1608.5  2016 Halle R16  22.7  2123.5  
 64  Nuno Borges  26.9  1762.2  1683.3  1618.6  1427.1  1722.8  1690.4  1594.6  2023 Miami Qual  26.0  1794.4  
 65  Mackenzie Mcdonald  28.7  1761.5  1691.0  1453.6  1579.6  1726.2  1607.6  1670.6  2023 Miami R64  27.9  1832.9  
 66  Zhizhen Zhang  27.2  1760.8  1601.7  1693.8  1432.8  1681.2  1727.3  1596.8  2022 Astana R32  25.9  1770.4  
 67  Arthur Cazaux  21.3  1757.9  1698.2  1393.6  1528.2  1728.1  1575.8  1643.1  2024 Australian Open R32  21.3  1765.8  
 68  Thanasi Kokkinakis  27.7  1754.8  1687.2  1683.3  1341.2  1721.0  1719.1  1548.0  2015 Queen's Club R32  19.1  1867.8  
 69  Christopher Eubanks  27.6  1753.8  1616.1  1378.6  1706.6  1684.9  1566.2  1730.2  2023 Atlanta R16  27.2  1848.0  
 70  Dominik Koepfer  29.7  1753.4  1649.2  1741.4  1476.2  1701.3  1747.4  1614.8  2020 Hamburg R32  26.3  1788.7  
 71  Borna Gojo  25.8  1752.3  1699.6  1562.4  1298.1  1726.0  1657.4  1525.2  2023 Vienna R16  25.6  1789.1  
 72  Alexei Popyrin  24.4  1746.1  1598.1  1788.8  1439.5  1672.1  1767.4  1592.8  2021 Madrid R32  21.7  1809.8  
 73  Alexander Shevchenko  23.1  1744.7  1645.4  1593.2  1377.7  1695.1  1669.0  1561.2  2024 Adelaide R32  23.1  1788.1  
 74  J J Wolf  25.0  1744.6  1646.6  1557.2  1469.2  1695.6  1650.9  1606.9  2023 Dallas QF  24.1  1845.0  
 75  Diego Schwartzman  31.4  1741.6  1653.0  1724.0  1503.0  1697.3  1732.8  1622.3  2020 Paris R16  28.2  1973.3  
 76  Pavel Kotov  25.1  1740.8  1640.5  1612.9  1456.7  1690.6  1676.8  1598.7  2024 Hong Kong R16  25.1  1757.9  
 77  Hamad Medjedovic  20.4  1739.7  1595.4  1676.6  1503.9  1667.6  1708.1  1621.8  2023 Astana QF  20.1  1793.8  
 78  Fabio Fognini  36.6  1739.4  1595.6  1741.9  1600.5  1667.5  1740.7  1670.0  2014 Munich SF  26.9  2007.9  
 79  Dusan Lajovic  33.5  1737.6  1592.7  1696.6  1276.2  1665.2  1717.1  1506.9  2018 Beijing R16  28.2  1845.7  
 80  Lukas Klein  25.8  1733.5  1666.3  1517.6  1481.1  1699.9  1625.6  1607.3  2024 Australian Open Qual  25.8  1733.5  
 81  Juncheng Shang  19.0  1733.2  1665.5  1430.8  1412.8  1699.4  1582.0  1573.0  2024 Australian Open R64  19.0  1733.2  
 82  Christopher Oconnell  29.6  1731.7  1623.9  1585.2  1560.1  1677.8  1658.4  1645.9  2023 Madrid R128  28.8  1766.8  
 83  Filip Krajinovic  31.2  1729.7  1635.1  1672.6  1546.3  1682.4  1701.2  1638.0  2020 Rome R32  28.5  1939.4  
 84  David Goffin  33.1  1729.7  1638.3  1701.1  1669.9  1684.0  1715.4  1699.8  2017 Rome R32  26.4  2038.8  
 85  Luca Van Assche  19.6  1729.6  1637.7  1641.3  1354.8  1683.7  1685.5  1542.2  2023 Estoril R32  18.8  1780.3  
 86  Cristian Garin  27.6  1727.7  1573.5  1707.6  1641.2  1650.6  1717.6  1684.4  2021 Bastad R16  25.1  1888.4  
 87  Daniel Altmaier  25.3  1723.1  1573.2  1709.3  1386.2  1648.1  1716.2  1554.6  2021 Luedenscheid CH F  22.9  1779.5  
 88  Yannick Hanfmann  32.1  1721.7  1532.9  1716.8  1487.2  1627.3  1719.3  1604.5  2023 Roland Garros Qual  31.5  1829.9  
 89  Alejandro Tabilo  26.6  1716.8  1696.4  1580.5  1384.5  1706.6  1648.6  1550.6  2022 Sarasota CH QF  24.8  1790.8  
 90  Maximilian Marterer  28.5  1713.9  1645.2  1525.1  1564.7  1679.6  1619.5  1639.3  2018 Stuttgart R32  22.9  1804.7  
 91  Taro Daniel  30.9  1713.7  1669.5  1529.7  1366.0  1691.6  1621.7  1539.8  2023 Monte Carlo Qual  30.1  1746.6  
 92  Soon Woo Kwon  26.1  1712.9  1632.4  1529.8  1465.6  1672.7  1621.3  1589.2  2023 Adelaide 2 F  25.1  1822.2  
 93  Leandro Riedi  21.9  1711.6  1650.8  1403.8  1420.1  1681.2  1557.7  1565.9  2023 Canberra CH SF  20.9  1809.7  
 94  Alex Michelsen  19.3  1710.5  1618.5  1257.9  1588.1  1664.5  1484.2  1649.3  2023 Newport SF  18.8  1769.9  
 95  Jason Kubler  30.6  1709.5  1544.9  1548.1  1664.0  1627.2  1628.8  1686.7  2022 Newport QF  29.1  1791.4  
 96  Yosuke Watanuki  25.7  1704.4  1639.3  1532.6  1531.3  1671.8  1618.5  1617.9  2023 Madrid R128  25.0  1788.4  
 97  Dominic Stricker  21.2  1703.6  1606.4  1535.0  1616.4  1655.0  1619.3  1660.0  2023 Us Open Qual  21.0  1792.7  
 98  Quentin Halys  27.2  1699.6  1579.3  1584.0  1543.4  1639.4  1641.8  1621.5  2023 Estoril QF  26.4  1796.5  
 99  Thiago Monteiro  29.6  1697.9  1549.0  1660.8  1431.9  1623.5  1679.4  1564.9  2022 Paris Qual  28.4  1731.6  
 100  Guido Pella  33.2  1695.6  1625.7  1630.6  1547.0  1660.7  1663.1  1621.3  2019 Cincinnati R64  29.2  1869.3  
 101  Roberto Carballes Baena  30.8  1695.2  1499.1  1675.3  1397.7  1597.2  1685.3  1546.5  2023 Seville CH F  30.4  1758.1  
 102  Facundo Diaz Acosta  23.0  1692.1  1344.0  1670.8  1308.2  1518.1  1681.4  1500.2  2023 Winston-Salem R64  22.6  1757.1  
 103  Flavio Cobolli  21.6  1691.6  1591.1  1600.6  1272.7  1641.4  1646.1  1482.1  2024 Australian Open Qual  21.6  1696.3  
 104  Aleksandar Kovacevic  25.3  1688.1  1633.7  1139.6  1335.7  1660.9  1413.9  1511.9  2023 Phoenix CH R16  24.5  1739.2  
 105  Richard Gasquet  37.5  1684.7  1605.9  1589.3  1565.7  1645.3  1637.0  1625.2  2013 Monte Carlo R16  26.8  2052.1  
 106  Hugo Gaston  23.3  1683.1  1597.3  1655.1  1403.3  1640.2  1669.1  1543.2  2021 Paris R16  21.0  1783.8  
 107  Dino Prizmic  18.4  1682.0  1541.8  1590.7  -  1611.9  1636.4  1541.0  2023 Istanbul CH R16  18.0  1686.7  
 108  Lloyd Harris  26.8  1680.9  1591.0  1541.0  1511.5  1636.0  1611.0  1596.2  2021 Antwerp QF  24.6  1890.0  
 109  Rinky Hijikata  22.8  1673.7  1583.9  1086.7  1551.6  1628.8  1380.2  1612.7  2024 Brisbane R16  22.8  1702.3  
 110  Gregoire Barrere  29.9  1671.7  1563.8  1487.2  1559.5  1617.7  1579.4  1615.6  2023 Marseille R32  29.0  1796.0  
 111  Aleksandar Vukic  27.7  1671.3  1604.5  1531.5  1408.8  1637.9  1601.4  1540.0  2023 Oeiras 4 CH SF  27.0  1742.2  
 112  Benjamin Bonzi  27.6  1671.2  1592.3  1553.5  1524.1  1631.7  1612.3  1597.6  2022 Mallorca QF  26.0  1816.7  
 113  Alex Molcan  26.1  1670.3  1589.5  1651.0  1483.9  1629.9  1660.7  1577.1  2022 Hamburg R16  24.6  1848.6  
 114  Gabriel Diallo  22.3  1670.0  1582.1  1338.7  1436.6  1626.1  1504.3  1553.3  2024 Australian Open Qual  22.3  1696.4  
 115  Max Purcell  25.7  1669.2  1606.0  1360.4  1496.3  1637.6  1514.8  1582.8  2023 Winston-Salem R16  25.3  1783.0  
 116  Alexandre Muller  26.9  1667.1  1584.6  1559.0  1327.5  1625.8  1613.1  1497.3  2023 Wimbledon R128  26.4  1708.7  
 117  Terence Atmane  22.0  1666.7  1585.2  1397.4  -  1625.9  1532.0  1533.3  2023 Shanghai R128  21.7  1701.3  
 118  James Duckworth  31.9  1664.8  1605.3  1358.6  1489.2  1635.0  1511.7  1577.0  2021 Paris R16  29.7  1771.6  
 119  Albert Ramos  35.9  1664.5  1499.8  1647.6  1268.5  1582.1  1656.0  1466.5  2017 Barcelona R16  29.2  1872.7  
 120  Mariano Navone  22.8  1662.3  1130.1  1670.5  1353.5  1396.2  1666.4  1507.9  2023 Lima CH SF  22.6  1739.6  
 121  Bernabe Zapata Miralles  27.0  1661.7  1410.1  1734.3  1440.7  1535.9  1698.0  1551.2  2023 Geneva R32  26.3  1783.8  
 122  Michael Mmoh  26.0  1661.5  1586.6  1444.6  1430.7  1624.0  1553.0  1546.1  2017 San Francisco CH QF  19.0  1749.1  
 123  Lucas Pouille  29.8  1659.3  1618.7  1555.4  1529.9  1639.0  1607.3  1594.6  2017 Halle R32  23.3  1977.3  
 124  Giulio Zeppieri  22.1  1659.2  1572.7  1612.3  1392.7  1616.0  1635.7  1526.0  2022 Umag QF  20.6  1699.1  
 125  Arthur Rinderknech  28.4  1656.8  1562.2  1675.0  1402.2  1609.5  1665.9  1529.5  2022 Basel R16  27.2  1861.8  
 126  Harold Mayot  21.9  1653.8  1574.7  1423.9  1570.9  1614.3  1538.9  1612.4  2024 Quimper CH R16  21.9  1674.1  
 127  Jesper De Jong  23.6  1652.2  1581.7  1521.8  1349.3  1616.9  1587.0  1500.8  2022 Traralgon CH QF  21.5  1671.9  
 128  Constant Lestienne  31.6  1651.8  1599.5  1330.3  1349.0  1625.7  1491.0  1500.4  2023 Australian Open R128  30.6  1776.4  
 129  Thiago Seyboth Wild  23.8  1651.6  1344.0  1717.4  1390.4  1497.8  1684.5  1521.0  2023 Basel Qual  23.6  1749.0  
 130  Corentin Moutet  24.5  1650.5  1587.1  1590.9  1491.3  1618.8  1620.7  1570.9  2023 Australian Open R128  23.7  1820.1  
 131  Zizou Bergs  24.6  1648.7  1531.1  1603.6  1546.4  1589.9  1626.2  1597.6  2021 Braunschweig CH R16  22.0  1722.2  
 132  Liam Broady  29.9  1648.6  1603.8  1348.0  1466.8  1626.2  1498.3  1557.7  2022 Phoenix CH QF  28.1  1741.8  
 133  Pierre Hugues Herbert  32.8  1647.5  1579.7  1548.5  1517.6  1613.6  1598.0  1582.5  2019 Montpellier SF  27.8  1845.0  
 134  Zachary Svajda  21.1  1646.8  1591.0  1288.6  1452.6  1618.9  1467.7  1549.7  2023 Fairfield CH F  20.8  1743.4  
 135  Kei Nishikori  33.5  1646.5  1577.1  1505.3  1500.0  1611.8  1575.9  1573.3  2016 US Open QF  26.6  2210.7  
 136  Pedro Martinez  26.7  1645.9  1550.4  1586.4  1279.0  1598.2  1616.2  1462.4  2022 Monte Carlo R64  24.9  1822.0  
 137  Ilya Ivashka  29.8  1642.5  1560.1  1602.3  1505.7  1601.3  1622.4  1574.1  2021 Nur-Sultan QF  27.5  1911.8  
 138  Daniel Elahi Galan  27.5  1638.3  1461.5  1586.4  1547.6  1549.9  1612.3  1593.0  2022 San Diego R16  26.2  1745.9  
 139  Juan Pablo Varillas  28.2  1636.8  1323.6  1664.9  1256.0  1480.2  1650.9  1446.4  2023 Rio De Janeiro R32  27.3  1725.8  
 140  Duje Ajdukovic  22.9  1628.2  1550.5  1499.7  1445.8  1589.4  1564.0  1537.0  2024 Quimper CH SF  22.9  1645.7  
 141  Jaume Munar  26.6  1625.5  1452.4  1661.4  1297.4  1539.0  1643.4  1461.5  2022 Cincinnati Qual  25.2  1807.5  
 142  Oscar Otte  30.3  1622.0  1508.9  1561.8  1594.7  1565.4  1591.9  1608.3  2022 Wimbledon R128  28.9  1824.8  
 143  Arthur Fery  21.4  1620.4  1561.4  -  1324.5  1590.9  1420.2  1472.5  2023 Brest CH R16  21.2  1652.3  
 144  Luciano Darderi  21.9  1620.0  1280.8  1604.5  1346.2  1450.4  1612.2  1483.1  2023 Lima CH F  21.7  1672.9  
 145  Pablo Llamas Ruiz  21.2  1618.9  1524.7  1551.5  1421.0  1571.8  1585.2  1520.0  2023 Seville CH R16  20.8  1716.0  
 146  Andrea Vavassori  28.6  1618.9  1497.4  1602.8  1397.8  1558.1  1610.8  1508.3  2023 Madrid R128  27.9  1710.1  
 147  Pablo Cuevas  38.0  1617.5  1527.0  1580.3  1424.0  1572.2  1598.9  1520.7  2016 Nottingham SF  30.4  1908.8  
 148  Nikoloz Basilashvili  31.2  1616.0  1514.6  1608.4  1548.5  1565.3  1612.2  1582.2  2018 Shanghai R64  26.6  1877.8  
 149  Hugo Dellien  30.5  1614.0  1309.7  1610.2  1310.0  1461.9  1612.1  1462.0  2023 Santiago CH F  29.7  1768.5  
 150  Roman Andres Burruchaga  21.9  1612.1  1399.6  1561.7  -  1505.8  1586.9  1506.0  2024 Punta Del Este CH QF  21.9  1612.1  
 151  Camilo Ugo Carabelli  24.5  1611.7  1343.4  1585.6  -  1477.6  1598.7  1505.9  2022 Poznan CH R32  22.9  1671.9  
 152  Vit Kopriva  26.5  1611.6  1399.5  1564.4  1388.9  1505.5  1588.0  1500.2  2022 Blois CH QF  24.9  1671.5  
 153  Billy Harris  28.9  1611.1  1545.8  1063.8  1403.4  1578.5  1337.5  1507.2  2024 Australian Open Qual  28.9  1657.8  
 154  Radu Albot  34.1  1610.5  1522.3  1527.3  1523.2  1566.4  1568.9  1566.9  2019 Geneva QF  29.5  1808.5  
 155  Filip Misolic  22.4  1609.4  1462.0  1589.8  1318.5  1535.7  1599.6  1463.9  2022 Naples Qual  21.1  1694.3  
 156  Federico Coria  31.8  1605.4  1381.6  1592.0  1226.6  1493.5  1598.7  1416.0  2021 Bastad SF  29.3  1741.6  
 157  Sumit Nagal  26.4  1605.1  1540.0  1507.2  1346.9  1572.5  1556.1  1476.0  2019 Campinas CH QF  22.1  1717.2  
 158  Marc Andrea Huesler  27.5  1604.9  1553.6  1474.0  1518.8  1579.2  1539.4  1561.8  2023 Montpellier R32  26.6  1806.0  
 159  Steve Johnson  33.8  1600.4  1547.5  1550.9  1504.2  1573.9  1575.6  1552.3  2017 Geneva R16  27.4  1932.6  
 160  Egor Gerasimov  31.1  1599.4  1537.2  1445.5  1279.4  1568.3  1522.4  1439.4  2020 Davis Cup QLS R1  27.3  1791.2  
 161  Denis Kudla  31.4  1599.4  1518.3  1403.6  1582.2  1558.9  1501.5  1590.8  2015 Atlanta Qual  22.9  1772.6  
 162  Benjamin Hassan  28.9  1599.0  1477.0  1568.4  1405.5  1538.0  1583.7  1502.2  2023 Basel Qual  28.7  1680.3  
 163  Facundo Bagnis  33.8  1598.4  1410.9  1590.6  1177.4  1504.6  1594.5  1387.9  2021 Salzburg CH F  31.3  1719.3  
 164  Pedro Cachin  28.7  1597.8  1314.8  1657.0  1302.9  1456.3  1627.4  1450.3  2022 Us Open R64  27.3  1757.2  
 165  Damir Dzumhur  31.6  1594.6  1523.2  1525.3  1527.1  1558.9  1560.0  1560.9  2018 Dubai R32  25.7  1888.1  
 166  Francisco Comesana  23.2  1592.5  1312.1  1592.8  -  1452.3  1592.6  1496.2  2023 Santa Cruz De La Sierra CH SF  22.9  1696.0  
 167  Maxime Cressy  26.6  1590.5  1546.5  1334.8  1508.4  1568.5  1462.7  1549.4  2023 Rotterdam R32  25.7  1835.8  
 168  Kyrian Jacquet  22.6  1590.3  1491.7  1463.4  -  1541.0  1526.9  1495.2  2021 Tampere CH QF  20.1  1602.0  
 169  Jiri Vesely  30.5  1589.8  1594.0  1480.8  1555.3  1591.9  1535.3  1572.6  2014 Wimbledon R64  20.9  1892.5  
 170  Felipe Meligeni Alves  25.9  1589.1  1501.4  1484.6  1425.7  1545.2  1536.8  1507.4  2023 Campinas CH R32  25.6  1694.9  
 171  Mattia Bellucci  22.6  1587.8  1490.6  1296.3  1480.0  1539.2  1442.1  1533.9  2022 Vilnius CH F  21.3  1724.5  
 172  Marco Cecchinato  31.2  1587.5  1311.0  1556.8  1298.2  1449.2  1572.1  1442.9  2018 Umag F  25.7  1829.2  
 173  Abedallah Shelbayh  20.1  1586.6  1508.9  1394.6  1417.3  1547.8  1490.6  1502.0  2024 Australian Open Qual  20.1  1630.1  
 174  Mikhail Kukushkin  36.0  1586.4  1533.6  1460.4  1547.5  1560.0  1523.4  1566.9  2010 St. Petersburg F  22.8  1849.8  
 175  Zsombor Piros  24.2  1586.3  1420.2  1565.1  1546.2  1503.2  1575.7  1566.2  2023 Madrid Qual  23.5  1723.4  
 176  Brandon Holt  25.7  1584.2  1524.1  1232.5  1386.5  1554.1  1408.3  1485.3  2023 Dallas Qual  24.8  1625.4  
 177  Otto Virtanen  22.5  1583.7  1535.2  1308.1  1373.5  1559.4  1445.9  1478.6  2023 Lille CH F  21.7  1741.6  
 178  Mate Valkusz  25.4  1583.2  1470.0  1531.3  1336.6  1526.6  1557.3  1459.9  2022 Vilnius CH R32  24.1  1650.0  
 179  Ricardas Berankis  33.5  1582.3  1508.4  1499.7  1470.6  1545.3  1541.0  1526.4  2010 Vancouver CH SF  20.1  1809.0  
 180  Dennis Novak  30.3  1582.1  1519.4  1521.6  1622.3  1550.7  1551.8  1602.2  2019 Ortisei CH R32  26.2  1749.9  
 181  Beibit Zhukayev  23.2  1580.3  1517.7  1192.8  1406.4  1549.0  1386.5  1493.4  2023 Knoxville CH R32  23.0  1627.1  
 182  Nerman Fatic  29.2  1580.3  1387.7  1576.0  1500.0  1484.0  1578.1  1540.1  2023 Antalya CH R16  28.3  1621.6  
 183  Luca Nardi  20.4  1579.0  1509.8  1409.0  1370.6  1544.4  1494.0  1474.8  2023 Kobe CH QF  20.2  1661.5  
 184  Emilio Nava  22.1  1577.0  1469.0  1514.6  1500.0  1523.0  1545.8  1538.5  2023 Malaga CH QF  21.8  1621.3  
 185  Valentin Vacherot  25.1  1576.3  1558.3  1224.3  -  1567.3  1400.3  1488.2  2022 Nonthaburi 2 CH R16  23.7  1613.8  
 186  Patrick Kypson  24.2  1576.0  1497.6  1477.7  -  1536.8  1526.9  1488.0  2024 Noumea CH R32  24.1  1621.3  
 187  Jurij Rodionov  24.6  1572.5  1503.2  1496.8  1489.1  1537.9  1534.7  1530.8  2018 Astana CH QF  19.1  1692.0  
 188  Titouan Droguet  22.5  1572.4  1501.1  1467.7  -  1536.8  1520.1  1486.2  2023 Rennes CH R32  22.2  1653.3  
 189  Federico Delbonis  33.0  1571.1  1390.1  1550.2  1162.8  1480.6  1560.6  1366.9  2017 Hamburg QF  26.8  1861.8  
 190  Sho Shimabukuro  26.4  1569.5  1445.6  1517.4  1619.1  1507.5  1543.5  1594.3  2023 Washington Qual  26.0  1690.0  
 191  Vitaliy Sachko  26.5  1566.6  1464.5  1532.4  -  1515.5  1549.5  1483.3  2023 Verona CH SF  26.0  1636.3  
 192  Maks Kasnikowski  20.5  1565.5  1545.0  1301.1  1500.0  1555.2  1433.3  1532.7  2024 Oeiras 2 CH R32  20.5  1619.2  
 193  Elias Ymer  27.7  1564.6  1451.5  1568.8  1374.4  1508.1  1566.7  1469.5  2015 Caltanissetta CH F  19.1  1729.3  
 194  Enzo Couacaud  28.8  1563.7  1509.8  1375.3  1489.4  1536.8  1469.5  1526.6  2023 Australian Open Qual  27.8  1623.7  
 195  Andrea Pellegrino  26.8  1561.5  1202.1  1561.8  1318.7  1381.8  1561.7  1440.1  2022 Genoa CH SF  25.4  1604.4  
 196  Matteo Gigante  22.0  1561.4  1471.8  1479.7  1459.2  1516.6  1520.5  1510.3  2023 Cordenons CH F  21.5  1600.8  
 197  Gastao Elias  33.1  1556.2  1463.9  1500.1  1293.8  1510.1  1528.2  1425.0  2016 Rio Olympics R64  25.7  1723.9  
 198  Vasek Pospisil  33.5  1552.0  1497.8  1279.1  1405.9  1524.9  1415.6  1478.9  2020 Sofia SF  30.3  1886.4  
 199  Gianluca Mager  29.1  1551.3  1382.7  1516.8  1382.0  1467.0  1534.0  1466.6  2021 Prostejov CH QF  26.5  1729.3  
 200  Hugo Grenier  27.8  1550.4  1481.4  1415.0  1385.6  1515.9  1482.7  1468.0  2022 Rennes CH R32  26.4  1731.5  
 201  Li Tu  27.6  1547.3  1462.9  1389.5  1544.3  1505.1  1468.4  1545.8  2022 Seoul CH F  26.3  1623.2  
 202  Joris De Loore  30.7  1545.9  1475.2  1391.3  1400.2  1510.5  1468.6  1473.0  2016 Fairfield CH QF  23.4  1650.0  
 203  Giovanni Mpetshi Perricard  20.5  1545.4  1452.6  1442.6  1508.6  1499.0  1494.0  1527.0  2023 Chicago CH QF  19.9  1611.8  
 204  Jan Choinski  27.5  1545.3  1398.6  1547.5  1251.3  1471.9  1546.4  1398.3  2023 Meerbusch CH F  27.1  1616.2  
 205  Pedro Sousa  35.3  1544.5  1235.4  1524.9  1368.4  1390.0  1534.7  1456.5  2017 Rome CH R32  29.3  1698.8  
 206  Benoit Paire  34.6  1543.5  1443.9  1578.5  1465.3  1493.7  1561.0  1504.4  2013 Roland Garros R64  24.0  1904.4  
 207  Shintaro Mochizuki  20.6  1541.3  1424.8  1451.4  1504.0  1483.0  1496.3  1522.6  2023 Wimbledon Qual  20.0  1568.1  
 208  Alexander Ritschard  29.8  1539.7  1469.3  1474.8  1423.5  1504.5  1507.3  1481.6  2022 Ortisei CH R32  28.5  1618.3  
 209  Adam Walton  24.7  1538.3  1458.8  1171.7  -  1498.6  1355.0  1469.1  2023 Tiburon CH SF  24.4  1598.7  
 210  Chak Lam Coleman Wong  19.5  1537.5  1482.2  1500.0  1500.0  1509.9  1518.7  1518.7  2023 Yokkaichi CH QF  19.4  1572.8  
 211  Alejandro Moro Canas  23.1  1537.1  1433.6  1432.3  1346.5  1485.3  1484.7  1441.8  2023 Lyon CH QF  22.5  1601.7  
 212  Santiago Fa Rodriguez Taverna  24.5  1535.2  1422.2  1443.6  1404.8  1478.7  1489.4  1470.0  2022 Concepcion CH SF  22.5  1654.6  
 213  Kimmer Coppejans  29.9  1534.6  1381.6  1468.5  1358.5  1458.1  1501.6  1446.5  2015 Turin CH SF  21.2  1686.7  
 214  Nicolas Kicker  31.4  1534.2  1441.1  1489.3  1323.4  1487.6  1511.8  1428.8  2018 Madrid Qual  25.7  1689.8  
 215  Thiago Agustin Tirante  22.7  1533.6  1401.8  1512.3  1434.1  1467.7  1523.0  1483.9  2021 Ambato CH F  20.4  1663.7  
 216  Alexis Galarneau  24.7  1533.6  1471.6  1281.4  -  1502.6  1407.5  1466.8  2023 Columbus CH SF  24.5  1581.4  
 217  Fernando Verdasco  39.7  1532.9  1504.8  1520.7  1467.3  1518.9  1526.8  1500.1  2010 Rome QF  26.4  2097.0  
 218  Joao Sousa  34.7  1528.9  1490.4  1467.2  1396.8  1509.6  1498.0  1462.8  2016 Australian Open R64  26.8  1844.9  
 219  Jozef Kovalik  31.1  1528.7  1345.4  1523.3  1247.6  1437.1  1526.0  1388.2  2018 Hamburg QF  25.7  1706.9  
 220  Bjorn Fratangelo  30.0  1526.7  1453.5  1523.6  1431.5  1490.1  1525.1  1479.1  2016 Surbiton CH QF  22.8  1736.9  
 221  Martin Damm  20.2  1523.4  1451.9  1201.5  1620.4  1487.7  1362.5  1571.9  1999 Nuembrecht CH SF  1761.9  
 222  Stefano Napolitano  28.7  1521.4  1371.5  1502.7  1420.0  1446.5  1512.1  1470.7  2016 Ortisei CH F  21.5  1617.2  
 223  Juan Manuel Cerundolo  22.1  1520.2  1451.6  1475.6  1287.6  1485.9  1497.9  1403.9  2023 Concepcion CH R16  21.1  1784.0  
 224  Illya Marchenko  36.3  1520.1  1477.3  1274.7  1440.4  1498.7  1397.4  1480.2  2010 Marseille Qual  22.4  1776.5  
 225  Nicolas Moreno De Alboran  26.5  1519.1  1418.5  1540.5  1385.2  1468.8  1529.8  1452.2  2023 Tyler CH F  25.8  1652.9  
 226  Tomas Barrios Vera  26.0  1518.1  1312.0  1521.4  1540.1  1415.1  1519.8  1529.1  2023 Wimbledon Qual  25.5  1694.6  
 227  Evan Furness  24.7  1516.2  1437.2  1432.4  1342.9  1476.7  1474.3  1429.6  2022 Ostrava CH F  23.6  1583.3  
 228  Marc Polmans  26.7  1515.5  1454.0  1360.0  1480.0  1484.8  1437.8  1497.8  2020 Cologne 1 Qual  23.4  1602.8  
 229  Norbert Gombos  33.1  1515.5  1450.5  1526.6  1359.0  1483.0  1521.1  1437.3  2020 Paris R32  30.2  1738.2  
 230  Yasutaka Uchiyama  31.4  1515.2  1457.1  1216.7  1349.8  1486.2  1366.0  1432.5  2019 Playford CH SF  27.2  1724.0  
 231  Guido Andreozzi  32.3  1514.4  1447.4  1490.2  1231.4  1480.9  1502.3  1372.9  2018 Roland Garros Qual  26.8  1734.1  
 232  Tristan Boyer  22.7  1513.0  1351.8  1456.3  -  1432.4  1484.6  1456.5  2023 Antofagasta CH SF  22.4  1570.4  
 233  Ryan Peniston  28.1  1510.4  1444.3  1264.8  1460.0  1477.4  1387.6  1485.2  2022 Wimbledon R128  26.6  1708.5  
 234  Blaz Rola  32.9  1507.3  1410.3  1494.4  1397.4  1458.8  1500.9  1452.3  2014 Panama City CH SF  23.4  1729.8  
 235  Yu Hsiou Hsu  24.7  1505.6  1464.4  1151.9  1285.3  1485.0  1328.8  1395.4  2023 Matsuyama CH R16  24.5  1639.4  
 236  Matteo Martineau  24.9  1504.2  1430.9  1340.7  1361.2  1467.5  1422.5  1432.7  2024 Quimper CH QF  24.9  1518.0  
 237  Seong Chan Hong  26.5  1504.1  1434.9  1345.8  1294.5  1469.5  1425.0  1399.3  2023 Seoul CH R16  25.8  1533.0  
 238  Liam Draxl  22.1  1504.1  1407.9  1368.1  -  1456.0  1436.1  1452.0  2024 Buenos Aires CH R16  22.1  1529.6  
 239  Mathias Bourgue  29.9  1502.9  1465.6  1384.7  1367.1  1484.2  1443.8  1435.0  2021 Biella 4 CH R16  27.1  1656.9  
 240  Laurent Lokoli  29.2  1502.6  1387.2  1465.2  1463.2  1444.9  1483.9  1482.9  2023 Wimbledon Qual  28.7  1596.8  
 241  Tennys Sandgren  32.4  1502.1  1439.2  1447.0  1526.6  1470.6  1474.6  1514.3  2020 Roland Garros R128  29.1  1779.3  
 242  Yuta Shimizu  24.6  1501.8  1437.7  1098.5  1464.9  1469.8  1300.2  1483.4  2023 Yokohama CH QF  24.4  1567.7  
 243  Stefano Travaglia  32.0  1501.5  1460.6  1422.9  1380.3  1481.1  1462.2  1440.9  2021 Great Ocean Road Open SF  29.0  1798.5  
 244  Raphael Collignon  22.0  1501.3  1361.7  1390.4  1409.2  1431.5  1445.8  1455.3  2023 Roseto Degli Abruzzi CH SF  21.2  1552.0  
 245  Denis Yevseyev  30.6  1501.2  1445.0  1290.1  -  1473.1  1395.6  1450.6  2024 Tenerife CH QF  30.6  1524.1  
 246  Bu Yunchaokete  21.9  1500.0  1455.2  1175.8  1375.3  1477.6  1337.9  1437.7  2023 Gwangju CH R16  21.2  1618.8  
 247  Gijs Brouwer  27.8  1498.8  1410.1  1418.5  1470.4  1454.5  1458.7  1484.6  2022 Metz Qual  26.5  1643.9  
 248  Gauthier Onclin  22.8  1496.7  1408.0  1453.2  1423.1  1452.4  1474.9  1459.9  2023 Milan CH R16  22.3  1577.5  
 249  Blaise Bicknell  22.1  1495.2  1429.2  1378.0  1500.0  1462.2  1436.6  1497.6  2020 Davis Cup WG2 PO  18.2  1515.7  
 250  Marco Trungelliti  33.9  1493.6  1370.5  1502.2  1337.3  1432.1  1497.9  1415.5  2022 Santo Domingo CH SF  32.5  1693.7  
 251  Henri Laaksonen  31.5  1493.5  1502.0  1439.5  1169.1  1497.8  1466.5  1331.3  2021 Brest CH R16  29.5  1792.5  
 252  Genaro Alberto Olivieri  25.4  1491.7  1244.8  1489.5  1302.8  1368.3  1490.6  1397.3  2023 Santo Domingo CH F  25.0  1591.8  
 253  Marius Copil  33.2  1491.2  1467.2  1363.3  1476.7  1479.2  1427.3  1484.0  2018 Basel SF  28.0  1757.3  
 254  Calvin Hemery  28.9  1491.2  1339.6  1485.8  1352.0  1415.4  1488.5  1421.6  2015 Padova CH QF  20.4  1643.3  
 255  Antoine Bellier  27.0  1490.2  1315.7  1315.7  1476.7  1403.0  1403.0  1483.5  2022 Pozoblanco CH R32  25.7  1631.0  
 256  Matija Pecotic  34.5  1488.8  1438.2  1388.7  1336.4  1463.5  1438.7  1412.6  2016 Gatineau CH QF  27.0  1602.9  
 257  Oliver Crawford  24.7  1486.1  1376.9  1372.4  -  1431.5  1429.2  1443.0  2023 Curitiba CH SF  24.4  1557.1  
 258  Giovanni Fonio  25.6  1483.5  1457.7  1331.6  -  1470.6  1407.6  1441.8  2023 Tenerife 3 CH R16  24.7  1527.3  
 259  Jason Jung  34.5  1482.4  1418.1  1282.7  1409.7  1450.2  1382.5  1446.0  2018 Zhuhai CH QF  28.7  1652.3  
 260  Nishesh Basavareddy  18.7  1481.7  1437.4  -  -  1459.5  1350.8  1440.8  2023 Knoxville CH R16  18.5  1542.0  
 261  Thai Son Kwiatkowski  28.9  1481.2  1426.8  1413.7  1198.6  1454.0  1447.5  1339.9  2020 Indian Wells CH R64  25.0  1634.6  
 262  Alessandro Giannessi  33.6  1481.1  1326.4  1455.4  1234.1  1403.8  1468.2  1357.6  2011 Napoli2 CH SF  21.3  1728.9  
 263  Dimitar Kuzmanov  30.4  1479.0  1373.0  1479.6  1389.7  1426.0  1479.3  1434.3  2022 Wimbledon Qual  28.9  1629.7  
 264  Gerald Melzer  33.1  1477.7  1389.6  1449.2  1394.9  1433.6  1463.4  1436.3  2018 Quito R16  27.5  1707.5  
 265  Rudolf Molleker  23.2  1477.4  1161.5  1456.8  1282.9  1319.5  1467.1  1380.2  2019 Poznan CH SF  18.5  1709.9  
 266  Tristan Schoolkate  22.8  1477.3  1420.5  1188.1  -  1448.9  1332.7  1438.6  2023 Playford CH R16  22.6  1509.3  
 267  Peter Gojowczyk  34.3  1477.1  1403.4  1399.1  1528.1  1440.3  1438.1  1502.6  2018 Delray Beach SF  28.5  1830.8  
 268  Adrian Andreev  22.6  1476.4  1413.2  1461.7  1335.5  1444.8  1469.0  1406.0  2023 Australian Open Qual  21.6  1628.6  
 269  Chun Hsin Tseng  22.4  1474.3  1448.5  1405.1  1282.1  1461.4  1439.7  1378.2  2022 Prague CH QF  20.6  1701.7  
 270  Francesco Passaro  23.0  1473.5  1348.5  1467.0  1368.8  1411.0  1470.3  1421.1  2022 Como CH SF  21.6  1744.9  
 271  Manuel Guinard  28.1  1472.2  1326.3  1433.0  1339.0  1399.2  1452.6  1405.6  2022 Lyon CH QF  26.5  1639.6  
 272  Mitchell Krueger  30.0  1472.1  1419.6  1329.8  1462.2  1445.8  1401.0  1467.2  2022 Sarasota CH R16  28.2  1622.1  
 273  Christian Harrison  29.4  1472.1  1371.9  1436.7  1614.2  1422.0  1454.4  1543.2  2022 Wimbledon Qual  28.0  1597.8  
 274  Cem Ilkel  28.3  1471.4  1421.4  1260.6  1222.8  1446.4  1366.0  1347.1  2023 Lugano CH SF  27.5  1628.3  
 275  Dalibor Svrcina  21.2  1467.5  1300.4  1449.1  1373.5  1383.9  1458.3  1420.5  2021 Prague 2 CH F  18.8  1597.3  
 276  Ugo Blanchet  25.0  1466.7  1358.9  1402.6  -  1412.8  1434.6  1433.4  2023 Olbia CH R16  24.7  1620.5  
 277  Alex Bolt  31.0  1464.2  1400.6  1122.4  1537.1  1432.4  1293.3  1500.7  2019 Indian Wells R128  26.1  1668.7  
 278  Aziz Dougaz  26.8  1464.1  1383.1  1389.9  1440.0  1423.6  1427.0  1452.0  2020 Calgary CH R32  22.9  1551.8  
 279  Antoine Escoffier  31.8  1463.7  1383.3  1067.5  1309.1  1423.5  1265.6  1386.4  2023 Lugano CH QF  31.0  1615.7  
 280  Timofey Skatov  22.9  1463.3  1431.3  1405.0  1303.0  1447.3  1434.2  1383.2  2022 Coquimbo CH QF  21.7  1612.0  
 281  August Holmgren  25.7  1461.3  1364.0  1547.0  1500.0  1412.6  1504.2  1480.6  2021 San Diego Qual  23.4  1667.7  
 282  Geoffrey Blancaneaux  25.4  1461.2  1406.7  1387.1  1298.8  1433.9  1424.2  1380.0  2022 Sofia Qual  24.1  1574.7  
 283  Alibek Kachmazov  21.4  1460.6  1371.1  1329.5  1500.0  1415.9  1395.1  1480.3  2023 Astana R32  21.1  1523.7  
 284  Gustavo Heide  21.8  1460.0  1333.4  1436.1  -  1396.7  1448.1  1430.0  2023 Brasilia CH R32  21.7  1542.2  
 285  Dmitry Popko  27.2  1459.9  1422.4  1401.4  1287.7  1441.2  1430.6  1373.8  2020 Bangkok CH QF  23.2  1617.8  
 286  Riccardo Bonadio  30.5  1458.7  1334.1  1416.9  1310.6  1396.4  1437.8  1384.6  2021 Las Palmas 1 CH R16  27.6  1564.7  
 287  Ernesto Escobedo  27.2  1457.8  1432.5  1383.0  1281.0  1445.1  1420.4  1369.4  2017 Houston QF  20.7  1757.0  
 288  Tung Lin Wu  25.6  1457.2  1377.5  1451.1  1318.1  1417.3  1454.1  1387.6  2019 Gwangju CH R16  21.0  1583.3  
 289  Alexander Blockx  18.7  1454.7  1393.7  -  -  1424.2  1337.4  1427.4  2023 Danderyd CH QF  18.5  1563.6  
 290  Javier Barranco Cosano  25.1  1454.1  1341.7  1332.9  1407.7  1397.9  1393.5  1430.9  2023 Banja Luka CH R16  24.7  1484.4  
 291  Evgeny Karlovskiy  29.2  1451.2  1414.3  1301.8  1375.5  1432.7  1376.5  1413.4  2019 Eckental CH QF  25.2  1554.7  
 292  Francesco Maestrelli  21.0  1449.9  1377.4  1413.0  1340.8  1413.6  1431.5  1395.3  2022 Trieste CH QF  19.5  1703.0  
 293  Murkel Alejandro Dellien Velasco  26.3  1448.6  1308.4  1423.1  1500.0  1378.5  1435.9  1474.3  2022 Tigre CH QF  24.2  1601.4  
 294  Bernard Tomic  31.2  1447.1  1404.1  1383.8  1530.7  1425.6  1415.4  1488.9  2016 Australian Open R32  23.2  1944.9  
 295  Paul Jubb  24.2  1446.8  1372.2  1462.4  1396.7  1409.5  1454.6  1421.7  2022 Santa Cruz De La Sierra CH F  22.3  1638.2  
 296  Lucas Poullain  28.0  1446.0  1392.1  -  -  1419.0  1333.0  1423.0  2023 Mouilleron-Le-Captif CH QF  27.8  1547.5  
 297  Renzo Olivo  31.8  1445.6  1278.3  1417.5  1338.9  1362.0  1431.5  1392.2  2015 Buenos Aires R32  22.9  1651.8  
 298  Stefan Kozlov  25.9  1445.4  1396.8  1264.8  1419.2  1421.1  1355.1  1432.3  2022 Acapulco R32  24.0  1702.9  
 299  Yunseong Chung  25.3  1444.2  1389.8  1274.9  1409.8  1417.0  1359.5  1427.0  2019 Gwangju CH R32  21.1  1564.8  
 300  Frederico Ferreira Silva  28.6  1443.9  1319.5  1444.3  1444.1  1381.7  1444.1  1444.0  2021 Prague 1 CH R16  26.1  1637.2  
 301  Altug Celikbilek  27.2  1442.7  1385.4  1205.2  1415.8  1414.1  1323.9  1429.2  2021 Segovia CH R16  24.8  1696.3  
 302  Mark Lajal  20.6  1442.3  1366.9  1434.0  1500.0  1404.6  1438.1  1471.1  2023 Tyler CH R32  20.0  1672.1  
 303  Dane Sweeny  22.9  1441.9  1386.6  1149.8  1325.8  1414.3  1295.8  1383.9  2022 Nonthaburi 2 CH R16  21.5  1550.7  
 304  Toby Alex Kodat  20.9  1439.9  1203.9  1437.3  -  1321.9  1438.6  1419.9  2023 Prague CH R16  20.6  1501.3  
 305  Daniel Cukierman  28.5  1439.3  1359.3  1177.7  -  1399.3  1308.5  1419.6  2024 Indian Wells 1 CH R16  28.5  1461.0  
 306  Daniel Rincon  21.0  1435.7  1199.0  1456.7  1278.7  1317.4  1446.2  1357.2  2023 Seville CH R32  20.6  1585.0  
 307  Tristan Lamasine  30.8  1435.2  1401.1  1322.2  1475.6  1418.1  1378.7  1455.4  2015 Alphen CH QF  22.4  1624.8  
 308  Emilio Gomez  31.9  1431.8  1401.5  1297.7  1205.6  1416.6  1364.7  1318.7  2022 Columbus CH SF  30.8  1649.7  
 309  Franco Agamenone  30.7  1431.5  1229.5  1467.1  1301.3  1330.5  1449.3  1366.4  2021 Ercolano CH QF  28.4  1700.7  
 310  Zhe Li  37.1  1431.0  1367.0  1163.6  1305.2  1399.0  1297.3  1368.1  2020 Columbus CH R32  33.4  1534.6  
 311  Marko Topo  20.1  1430.4  1354.8  1430.0  1417.9  1392.6  1430.2  1424.2  2022 Munich Qual  18.6  1658.0  
 312  Zdenek Kolar  27.2  1430.1  1377.1  1383.8  1357.1  1403.6  1407.0  1393.6  2021 Szczecin CH F  24.9  1599.6  
 313  Federico Gaio  31.8  1429.9  1303.0  1445.2  1355.7  1366.5  1437.6  1392.8  2019 San Benedetto CH QF  27.3  1603.6  
 314  Ethan Quinn  19.8  1429.9  1349.7  -  1424.6  1389.8  1324.9  1427.2  2023 Champaign CH QF  19.6  1511.3  
 315  Ivan Gakhov  27.1  1429.5  1178.4  1431.4  1342.5  1304.0  1430.4  1386.0  2023 Lyon CH R32  26.6  1627.4  
 316  Andrea Collarini  31.9  1428.4  1193.8  1405.4  1251.8  1311.1  1416.9  1340.1  2019 Buenos Aires CH R16  27.6  1557.7  
 317  Dragos Nicolae Madaras  25.9  1428.4  1302.6  1368.9  1350.9  1365.5  1398.7  1389.7  2023 Skopje CH QF  25.6  1529.5  
 318  James Mccabe  20.5  1427.9  1370.3  1230.2  1392.8  1399.1  1329.0  1410.4  2023 Puerto Vallarta CH QF  19.6  1555.1  
 319  Carlos Taberner  26.4  1426.0  1372.4  1372.6  1296.0  1399.2  1399.3  1361.0  2021 Losinj CH SF  24.1  1721.5  
 320  Evgeny Donskoy  33.6  1422.5  1383.4  1347.1  1398.1  1403.0  1384.8  1410.3  2015 Pune CH SF  25.4  1721.7  
 321  Oriol Roca Batalla  30.7  1422.1  1223.1  1402.5  1352.1  1322.6  1412.3  1387.1  2023 Lisbon CH R16  30.4  1487.9  
 322  Joao Fonseca  17.4  1419.7  1262.5  1379.9  -  1341.1  1399.8  1409.9  2024 Buenos Aires CH QF  17.3  1548.9  
 323  Gonzalo Bueno  19.7  1419.3  1151.2  1408.7  -  1285.2  1414.0  1409.6  2023 Santiago CH R32  18.9  1435.2  
 324  Federico Agustin Gomez  27.1  1416.6  1308.4  1367.9  -  1362.5  1392.3  1408.3  2023 Fairfield CH R32  26.8  1448.7  
 325  Omar Jasika  26.6  1415.5  1356.8  1164.5  1297.4  1386.1  1290.0  1356.5  2017 Launceston CH R32  19.7  1656.0  
 326  Marvin Moeller  24.8  1414.7  1398.7  1388.1  1500.0  1406.7  1401.4  1457.4  2021 Braunschweig CH QF  22.4  1557.5  
 327  Valentin Royer  22.6  1413.4  1374.1  1240.6  -  1393.7  1327.0  1406.7  2024 Oeiras 2 CH R16  22.6  1492.6  
 328  Philip Sekulic  20.3  1412.0  1341.9  -  -  1377.0  1316.0  1406.0  2023 Shanghai Qual  20.0  1500.9  
 329  Alex Rybakov  26.7  1407.3  1341.5  1297.5  1440.9  1374.4  1352.4  1424.1  2023 Dallas Qual  26.0  1504.4  
 330  Andres Martin  22.3  1405.7  1397.5  1393.7  1500.0  1401.6  1399.7  1452.8  2022 Atlanta R32  21.0  1602.8  
 331  Robert Strombachs  24.0  1404.7  1380.9  1312.9  -  1392.8  1358.8  1402.3  2023 Davis Cup WG2 R1  23.9  1443.2  
 332  Enrico Dalla Valle  25.8  1403.2  1225.2  1378.5  -  1314.2  1390.9  1401.6  2023 Todi CH R32  25.3  1469.2  
 333  Edoardo Lavagno  25.4  1402.6  1180.0  1376.2  -  1291.3  1389.4  1401.3  2023 Perugia CH SF  24.8  1526.8  
 334  Nino Serdarusic  27.0  1401.2  1321.6  1327.0  1296.2  1361.4  1364.1  1348.7  2022 Oeiras 1 CH SF  25.2  1557.0  
 335  Salvatore Caruso  31.0  1401.1  1454.6  1318.9  1471.8  1427.9  1360.0  1436.4  2019 US Open Qual  26.6  1710.8  
 336  Joao Lucas Reis Da Silva  23.8  1399.0  1222.9  1364.8  -  1311.0  1381.9  1399.5  2022 Ambato CH SF  22.5  1505.2  
 337  Kilian Feldbausch  18.2  1397.9  1215.8  1371.5  -  1306.9  1384.7  1398.9  2023 Maspalomas CH SF  18.2  1414.1  
 338  Alvaro Guillen Meza  21.0  1397.2  1177.9  1377.0  -  1287.6  1387.1  1398.6  2023 Montevideo CH R32  20.8  1536.2  
 339  Raul Brancaccio  26.6  1396.5  1328.5  1399.3  1338.4  1362.5  1397.9  1367.5  2023 Australian Open Qual  25.7  1631.8  
 340  Pedro Sakamoto  30.5  1395.5  1299.1  1359.7  -  1347.3  1377.6  1397.7  2019 Rome CH R64  25.8  1478.7  
 341  Henri Squire  23.2  1393.1  1287.3  1309.3  1324.7  1340.2  1351.2  1358.9  2022 Troisdorf CH QF  21.6  1464.4  
 342  Facundo Mena  31.1  1392.4  1229.6  1412.9  1373.9  1311.0  1402.6  1383.1  2019 Banja Luka CH R16  26.9  1603.1  
 343  Moez Echargui  31.0  1390.8  1221.0  1395.5  -  1305.9  1393.2  1395.4  2023 Modena CH QF  30.4  1478.7  
 344  Jay Clarke  25.4  1389.2  1314.2  1284.3  1255.5  1351.7  1336.7  1322.3  2019 Nanchang CH R32  20.7  1633.4  
 345  Jules Marie  32.3  1388.8  1341.1  1143.7  -  1365.0  1266.2  1394.4  2023 Mallorca CH R32  31.9  1448.7  
 346  Ulises Blanch  25.4  1387.5  1337.2  1275.5  1380.3  1362.4  1331.5  1383.9  2020 Roland Garros Qual  22.5  1591.0  
 347  Nick Hardt  23.2  1385.1  1375.3  1278.8  1353.3  1380.2  1332.0  1369.2  2022 Saint Tropez CH R32  22.0  1460.5  
 348  Max Hans Rehberg  20.1  1384.9  1183.8  1207.6  1340.3  1284.3  1296.2  1362.6  2022 Hamburg CH R32  19.0  1414.1  
 349  Daniel Masur  28.9  1384.7  1326.5  1346.0  1430.3  1355.6  1365.4  1407.5  2021 Lugano CH R16  26.3  1606.1  
 350  Akira Santillan  26.4  1384.2  1291.7  1337.1  1315.6  1338.0  1360.7  1349.9  2017 US Open Qual  20.2  1665.3  
 351  Oleksii Krutykh  23.8  1381.9  1415.9  1321.7  1339.0  1398.9  1351.8  1360.4  2023 Tenerife 2 CH R16  22.8  1638.0  
 352  Clement Tabur  23.9  1380.5  1091.8  1431.8  -  1236.2  1406.1  1390.2  2023 Todi CH SF  23.5  1495.6  
 353  Juan Pablo Ficovich  26.9  1380.0  1396.5  1285.5  1389.5  1388.3  1332.8  1384.8  2020 Alicante CH R16  23.7  1582.4  
 354  Hernan Casanova  29.9  1379.1  1129.0  1353.4  -  1254.1  1366.2  1389.6  2022 Buenos Aires CH R32  28.6  1457.4  
 355  Skander Mansouri  28.1  1376.5  1311.3  1099.8  1392.0  1343.9  1238.2  1384.2  2021 Salinas 2 CH R32  25.7  1410.6  
 356  Lorenzo Giustino  32.3  1376.2  1307.2  1337.8  1210.7  1341.7  1357.0  1293.4  2019 Blois CH QF  27.7  1628.9  
 357  Gilles Arnaud Bailly  18.1  1376.0  1337.9  1387.3  1500.0  1356.9  1381.6  1438.0  2022 Antwerp R32  17.0  1482.5  
 358  Inaki Montes De La Torre  21.1  1376.0  1327.2  -  -  1351.6  1298.0  1388.0  2023 Calgary CH R16  21.0  1438.8  
 359  Samuel Vincent Ruggeri  21.6  1375.6  1308.7  1280.7  -  1342.1  1328.2  1387.8  2024 Tenerife CH R32  21.6  1439.6  
 360  Jaime Faria  20.4  1375.2  1280.2  1321.1  -  1327.7  1348.2  1387.6  2024 Oeiras 1 CH R16  20.4  1399.9  
 361  Gilbert Soares Klier Junior  23.5  1375.1  1361.7  1194.4  -  1368.4  1284.7  1387.5  2023 Temuco CH SF  23.5  1387.2  
 362  Maxime Janvier  27.2  1373.7  1310.9  1319.9  1301.6  1342.3  1346.8  1337.7  2019 Vancouver  CH QF  22.8  1582.5  
 363  Martin Landaluce  18.0  1372.7  1290.5  1227.5  -  1331.6  1300.1  1386.3  2023 Valencia CH R16  17.8  1414.5  
 364  Andrew Paulson  21.9  1371.3  1257.6  1269.7  -  1314.4  1320.5  1385.7  2023 Ismaning CH R16  21.9  1406.4  
 365  Rio Noguchi  25.0  1371.3  1321.3  1129.1  1347.6  1346.3  1250.2  1359.4  2022 Playford CH SF  23.8  1501.6  
 366  Michael Vrbensky  24.0  1369.5  1305.0  1293.6  -  1337.2  1331.5  1384.7  2021 Amersfoort CH R32  21.5  1564.8  
 367  Maximilian Neuchrist  32.3  1367.4  1283.8  1359.3  1339.0  1325.6  1363.4  1353.2  2023 Leon CH QF  31.7  1536.8  
 368  Gabriel Debru  18.0  1366.9  1202.7  1483.9  -  1284.8  1425.4  1383.4  2023 Prague CH SF  17.6  1572.6  
 369  Learner Tien  18.1  1366.8  1344.4  1153.9  -  1355.6  1260.4  1383.4  2024 Indian Wells 2 CH R16  18.1  1417.3  
 370  Lukas Neumayer  21.3  1366.5  1105.2  1332.0  -  1235.8  1349.2  1383.2  2023 Cordenons CH SF  20.9  1533.5  
 371  Kacper Zuk  24.7  1364.3  1308.4  1306.5  1398.9  1336.4  1335.4  1381.6  2021 Prague 1 CH R32  22.2  1745.1  
 372  Jelle Sels  28.2  1364.0  1406.4  1309.9  1208.7  1385.2  1337.0  1286.4  2022 Helsinki CH QF  27.2  1591.3  
 373  Omni Kumar  22.2  1361.9  1305.6  -  -  1333.7  1290.9  1380.9  2024 Indian Wells 1 CH R16  22.2  1417.8  
 374  Timo Stodder  27.6  1361.2  1189.2  1315.4  -  1275.2  1338.3  1380.6  2024 Buenos Aires CH R32  27.6  1406.9  
 375  Miljan Zekic  35.2  1359.3  1302.0  1325.8  1367.9  1330.6  1342.6  1363.6  2016 Banja Luka CH SF  28.1  1606.8  
 376  Steven Diez  32.8  1359.0  1271.3  1370.5  1267.4  1315.2  1364.8  1313.2  2019 Ningbo CH SF  28.5  1602.2  
 377  Yan Bai  34.6  1358.6  1279.6  1309.3  1349.2  1319.1  1334.0  1353.9  2016 Kyoto CH R32  26.7  1509.0  
 378  Stefanos Sakellaridis  19.2  1358.5  1350.0  1402.1  1500.0  1354.2  1380.3  1429.2  2023 United Cup RR  18.3  1575.0  
 379  Mika Brunold  19.1  1357.2  1351.8  1179.5  -  1354.5  1268.3  1378.6  2023 Biel-Bienne CH R16  18.4  1485.6  
 380  Gianmarco Ferrari  22.8  1355.0  1254.8  1262.8  -  1304.9  1308.9  1377.5  2022 Cordenons CH R32  21.8  1409.8  
 381  Kaichi Uchida  29.3  1354.5  1291.4  1292.0  1427.3  1323.0  1323.3  1390.9  2023 Madrid Qual  28.6  1535.6  
 382  Luke Saville  29.9  1353.4  1280.9  1083.6  1411.2  1317.1  1218.5  1382.3  2014 Traralgon2 CH QF  20.7  1564.1  
 383  Matheus Pucinelli De Almeida  22.6  1353.3  1200.8  1330.2  1402.0  1277.0  1341.8  1377.7  2022 Concepcion CH R16  20.9  1633.1  
 384  Charles Broom  25.6  1350.8  1229.3  -  1392.1  1290.1  1285.4  1371.5  2023 Grodzisk Mazowiecki CH R32  25.3  1444.4  
 385  Gerard Campana Lee  19.1  1350.3  -  1309.8  -  1285.2  1330.0  1375.2  2023 Liberec CH QF  18.8  1445.0  
 386  Cannon Kingsley  22.5  1350.2  1322.0  1182.6  -  1336.1  1266.4  1375.1  2023 Columbus CH QF  22.3  1447.0  
 387  Francesco Forti  24.2  1349.1  1330.2  1220.1  -  1339.7  1284.6  1374.5  2019 San Benedetto CH R32  19.9  1461.4  
 388  Yanki Erel  23.1  1348.3  1341.3  1149.2  1371.1  1344.8  1248.7  1359.7  2021 Manama CH QF  21.1  1454.4  
 389  Eliot Spizzirri  21.8  1346.7  1280.3  -  1353.5  1313.5  1283.4  1350.1  2023 Us Open Qual  21.6  1434.2  
 390  Alvaro Lopez San Martin  26.1  1342.5  -  1333.0  -  1281.3  1337.8  1371.3  2023 Perugia CH R32  26.0  1482.7  
 391  Michael Geerts  28.9  1336.8  1278.3  1356.6  1335.5  1307.6  1346.7  1336.1  2022 El Espinar CH QF  27.5  1525.5  
 392  Nikolas Sanchez Izquierdo  24.8  1336.7  1145.4  1312.8  -  1241.1  1324.8  1368.4  2022 Troyes CH R16  23.2  1503.5  
 393  David Jorda Sanchis  29.4  1334.8  1263.9  1335.3  -  1299.4  1335.1  1367.4  2023 Segovia CH R16  29.1  1480.9  
 394  James Trotter  24.4  1327.2  1295.9  -  -  1311.6  1273.6  1363.6  2024 Indian Wells 1 CH R32  24.4  1396.4  
 395  Ergi Kirkin  24.7  1324.5  1245.3  1277.7  1372.7  1284.9  1301.1  1348.6  2022 Shymkent 1 CH QF  23.2  1491.5  
 396  Gonzalo Lama  30.5  1321.8  1184.5  1288.4  1314.4  1253.2  1305.1  1318.1  2016 Sao Paulo CH F  22.9  1595.2  
 397  Daniel Michalski  23.9  1321.4  1387.1  1278.2  1500.0  1354.2  1299.8  1410.7  2018 Sopot CH R32  18.5  1576.1  
 398  Alexey Vatutin  31.0  1321.3  1281.6  1256.3  1328.2  1301.4  1288.8  1324.8  2018 Marrakech R16  25.4  1623.5  
 399  Hiroki Moriya  33.2  1318.7  1258.9  1153.4  1348.7  1288.8  1236.0  1333.7  2012 Brisbane Qual  22.2  1569.9  
 400  Nam Hoang Ly  26.6  1317.9  1249.7  1176.3  -  1283.8  1247.1  1359.0  2019 Da Nang CH R64  21.8  1464.9  
 401  Orlando Luz  25.9  1317.2  1058.4  1289.3  -  1187.8  1303.3  1358.6  2021 San Marino CH SF  23.4  1460.4  
 402  Louis Wessels  25.1  1316.8  1093.1  1312.3  1356.1  1204.9  1314.6  1336.4  2023 Augsburg CH R32  24.9  1400.5  
 403  Sebastian Fanselow  32.0  1315.9  1294.2  1251.7  -  1305.0  1283.8  1357.9  2019 Burnie CH R16  27.0  1565.7  
 404  Pol Martin Tiffon  24.4  1312.8  1144.6  1303.1  -  1228.7  1307.9  1356.4  2021 Quito CH QF  22.1  1486.4  
 405  Mathys Erhard  22.0  1312.4  1174.1  1307.5  -  1243.2  1309.9  1356.2  2023 Prague CH R32  21.8  1354.8  
 406  Viktor Durasovic  26.6  1309.5  1263.5  1280.1  1331.4  1286.5  1294.8  1320.5  2014 Davis Cup G2 R1  16.8  1465.5  
 407  Nicolas Mejia  23.7  1309.4  1255.3  1297.7  -  1282.3  1303.6  1354.7  2021 Los Cabos Qual  21.4  1523.9  
 408  Alexander Weis  26.7  1309.3  1201.4  1258.6  -  1255.3  1284.0  1354.7  2023 Skopje CH R16  26.0  1420.0  
 409  Aidan Mayo  20.6  1304.4  1235.1  1192.1  -  1269.8  1248.3  1352.2  2023 Charlottesville CH SF  20.4  1477.4  
 410  Nicholas David Ionel  21.2  1304.1  1157.6  1291.4  1318.9  1230.9  1297.8  1311.5  2023 Tunis CH R32  20.5  1491.4  
 411  Max Houkes  23.5  1303.9  1206.4  1275.4  -  1255.2  1289.7  1352.0  2022 Amersfoort CH R16  22.0  1412.6  
 412  Karl Friberg  24.6  1303.6  1201.6  1298.2  -  1252.6  1300.9  1351.8  2023 Troisdorf CH R32  24.1  1344.4  
 413  Arklon Huertas Del Pino  29.3  1299.5  -  1254.1  -  1259.8  1276.8  1349.8  2023 Lima CH R16  29.0  1371.1  
 414  Christian Langmo  27.6  1294.6  1234.2  1135.8  -  1264.4  1215.2  1347.3  2023 Cuernavaca CH QF  26.8  1400.2  
 415  Dan Added  24.7  1293.1  1234.6  1195.4  -  1263.8  1244.2  1346.5  2023 Saint Brieuc CH SF  23.9  1501.2  
 416  Blake Ellis  25.0  1292.4  1238.9  -  -  1265.7  1256.2  1346.2  2018 Kyoto CH QF  19.1  1479.0  
 417  Lucas Gerch  29.0  1290.9  1261.4  1244.0  -  1276.1  1267.4  1345.5  2022 Champaign CH R32  27.9  1527.5  
 418  Eduardo Ribeiro  25.6  1289.7  1094.0  1309.4  -  1191.9  1299.5  1344.8  2023 Medellin CH QF  25.2  1439.8  
 419  Strong Kirchheimer  28.7  1288.7  1247.6  1110.6  -  1268.2  1199.6  1344.3  2023 Cary CH R32  28.3  1361.6  
 420  Henrique Rocha  19.7  1286.1  1188.3  1287.4  -  1237.2  1286.7  1343.0  2023 Porto CH R32  19.3  1419.4  
 421  Jose Pereira  32.6  1284.8  1189.7  1255.8  -  1237.3  1270.3  1342.4  2022 Savannah CH R16  31.2  1364.3  
 422  Juan Bautista Torres  21.7  1283.9  1180.3  1254.0  -  1232.1  1269.0  1342.0  2022 Todi CH R32  20.2  1573.7  
 423  Carlos Sanchez Jover  23.4  1282.5  1179.4  1257.9  -  1230.9  1270.2  1341.2  2022 Zadar CH QF  21.6  1428.0  
 424  Mateus Alves  22.9  1281.4  1212.0  1246.4  -  1246.7  1263.9  1340.7  2022 Mexico City CH R16  21.1  1357.1  
 425  Filip Cristian Jianu  22.1  1280.8  1359.1  1203.4  1439.1  1319.9  1242.1  1359.9  2019 Sibiu CH R32  17.9  1617.3  
 426  Arthur Weber  31.6  1278.7  1189.9  -  -  1234.3  1249.4  1339.4  2023 Zhuhai CH F  31.2  1542.5  
 427  Joao Domingues  30.2  1276.8  1188.6  1250.1  1240.3  1232.7  1263.4  1258.5  2019 Braga CH F  25.5  1647.1  
 428  Olukayode Alafia Damina Ayeni  24.2  1275.0  1245.5  -  1345.2  1260.2  1247.5  1310.1  2023 Nonthaburi 1 CH R32  23.3  1337.4  
 429  Daniel Dutra Da Silva  35.2  1270.8  1118.7  1235.3  -  1194.8  1253.0  1335.4  2008 Seville CH R32  20.1  1482.7  
 430  Rigele Te  26.0  1270.7  1168.6  1340.3  -  1219.7  1305.5  1335.4  2023 Davis Cup WG2 R1  25.9  1304.8  
 431  Dominik Palan  23.2  1269.6  1226.0  -  -  1247.8  1244.8  1334.8  2023 Gwangju CH R32  22.5  1428.8  
 432  Adolfo Daniel Vallejo  19.5  1264.2  1314.2  1251.7  1500.0  1289.2  1258.0  1382.1  2020 Davis Cup WG2 PO  15.8  1517.0  
 433  Gonzalo Villanueva  29.0  1259.6  1134.9  1243.1  -  1197.3  1251.4  1329.8  2022 Salvador De Bahia CH QF  27.2  1441.2  
 434  Kalin Ivanovski  19.5  1255.7  1221.0  1214.3  -  1238.4  1235.0  1327.9  2023 Iasi CH R16  19.1  1306.8  
 435  Colin Sinclair  29.0  1253.6  1206.9  1105.0  -  1230.3  1179.3  1326.8  2018 Noumea CH R32  24.0  1348.3  
 436  Mikalai Haliak  25.4  1251.0  1212.7  -  -  1231.9  1235.5  1325.5  2023 Shanghai CH R32  25.0  1365.8  
 437  Pedro Boscardin Dias  20.7  1250.5  1117.0  1239.4  -  1183.8  1245.0  1325.3  2022 Coquimbo CH SF  19.2  1414.6  
 438  Sasi Kumar Mukund  26.7  1248.0  1206.7  1153.5  1327.0  1227.3  1200.8  1287.5  2019 Chennai CH QF  22.0  1459.3  
 439  Conner Huertas Del Pino  27.9  1247.6  1218.1  1186.7  -  1232.9  1217.1  1323.8  2023 Temuco CH R32  27.9  1281.7  
 440  Marek Gengel  28.0  1246.9  1248.4  1113.6  1361.3  1247.7  1180.3  1304.1  2023 Nonthaburi 2 CH R16  27.3  1490.8  
 441  Benjamin Lock  30.8  1243.7  1172.7  1340.3  1426.9  1208.2  1292.0  1335.3  2015 Davis Cup G2 PO  22.3  1541.9  
 442  Yusuke Takahashi  26.2  1229.1  1185.7  1194.2  -  1207.4  1211.6  1314.5  2018 Burnie CH R16  20.2  1446.2  
 443  Jose Rubin Statham  36.6  1226.7  1171.7  1259.2  1380.1  1199.2  1242.9  1303.4  2007 Auckland Qual  19.7  1565.0  
 444  Filip Peliwo  29.7  1221.4  1181.4  1263.4  1324.7  1201.4  1242.4  1273.1  2018 Busan CH QF  24.2  1585.2  
 445  Nick Chappell  30.9  1212.6  1179.5  1065.3  1355.2  1196.0  1139.0  1283.9  2021 Potchefstroom 1 CH QF  28.3  1444.2  
 446  Matias Soto  24.7  1210.4  1153.8  1192.6  -  1182.1  1201.5  1305.2  2023 Medellin CH R16  24.1  1370.1  
 447  Elmar Ejupovic  30.6  1208.9  1215.9  1150.1  -  1212.4  1179.5  1304.5  2023 Leon CH R16  30.1  1459.3  
 448  Alex Barrena  21.2  1205.1  -  1186.3  -  1212.5  1195.7  1302.5  2022 Corrientes CH R32  19.6  1302.3  
 449  Evan Zhu  25.4  1194.5  1140.2  1262.8  1255.7  1167.3  1228.7  1225.1  2023 Palmas Del Mar CH R32  24.8  1377.4  
 450  Matias Franco Descotte  29.3  1185.5  1172.2  1169.7  -  1178.9  1177.6  1292.8  2019 Santiago CH R64  24.5  1539.5  
 451  Bruno Kuzuhara  19.7  1178.0  1185.0  1092.5  -  1181.5  1135.3  1289.0  2022 Us Open Qual  18.4  1247.6  
 452  Ignacio Monzon  25.7  1175.6  -  1158.1  -  1197.8  1166.8  1287.8  2022 Corrientes CH R32  24.4  1256.5  
 453  Rodrigo Pacheco Mendez  18.5  1162.8  1135.5  1114.2  -  1149.1  1138.5  1281.4  2022 Acapulco Qual  16.8  1210.7  
 454  Wilson Leite  32.0  1093.7  1027.1  1108.5  -  1060.4  1101.1  1246.9  2013 Rio de Janeiro CH R32  21.7  1394.0  
 455  Naoki Nakagawa  27.0  1074.7  1069.0  1012.8  -  1071.9  1043.8  1237.4  2014 Sarasota CH R32  17.3  1205.6  
 456  Leo Borg  20.4  1061.8  1043.3  1115.8  -  1052.6  1088.8  1230.9  2020 Bergamo CH R64  16.7  1193.9    